1683124279618 10487.367262714186 0
1683124279618 10384.253675984177 1
1683124279618 10281.655327643432 2
1683124279618 10180.005179963398 3
1683124279618 10079.354597899812 4
1683124279618 9979.675806968726 5
1683124279618 9881.467292866986 6
1683124279618 9783.626622867938 7
1683124279618 9687.320735526371 8
1683124279618 9591.820910695587 9
1683124279618 9497.903550956775 10
1683124279618 9403.78369963143 11
1683124279618 9311.0087115091 12
1683124279618 9219.164682691411 13
1683124279618 9129.168693007276 14
1683124279618 9038.946139129132 15
1683124279618 8949.952239713084 16
1683124279618 8862.083750367681 17
1683124279618 8775.000843728647 18
1683124279618 8688.340785636228 19
1683124279618 8602.986806394634 20
1683124279618 8519.62081514593 21
1683124279618 8436.284276917535 22
1683124279618 8353.164807317306 23
1683124279618 8271.282754070427 24
1683124279618 8189.968759675648 25
1683124279618 8109.0953315984325 26
1683124279618 8029.402533676999 27
1683124279618 7950.527363707227 28
1683124279618 7872.0825983101295 29
1683124279618 7795.508241128126 30
1683124279618 7719.086409769906 31
1683124279618 7643.439751277036 32
1683124279618 7568.351566366916 33
1683124279618 7494.081798568023 34
1683124279618 7420.51317717216 35
1683124279618 7347.40804055704 36
1683124279618 7275.192055368707 37
1683124279618 7203.84772844455 38
1683124279618 7133.0181963363575 39
1683124279618 7063.001325236468 40
1683124279618 6993.819742964848 41
1683124279618 6925.509244151095 42
1683124279618 6858.0007284056255 43
1683124279618 6790.699251289574 44
1683124279618 6724.352573341927 45
1683124279618 6658.4918678795775 46
1683124279618 6593.087758779796 47
1683124279618 6528.501779067558 48
1683124279618 6465.14233878401 49
1683124279618 6401.771353309812 50
1683124279618 6339.107692145362 51
1683124279618 6277.288640780894 52
1683124279618 6216.075335575162 53
1683124279618 6155.891322564391 54
1683124279618 6095.702720839365 55
1683124279618 6036.075056059307 56
1683124279618 5977.358557604189 57
1683124279618 5919.899474070397 58
1683124279618 5862.371336505293 59
1683124279618 5805.18880397547 60
1683124279618 5748.251199137939 61
1683124279618 5692.083810652063 62
1683124279618 5637.174880861859 63
1683124279618 5582.129450091159 64
1683124279618 5527.56889499435 65
1683124279618 5473.42259254424 66
1683124279618 5420.00668119437 67
1683124279618 5367.301428034681 68
1683124279618 5315.29983180194 69
1683124279618 5264.205144432412 70
1683124279618 5212.883062311036 71
1683124279618 5162.129224606144 72
1683124279618 5111.894870592796 73
1683124279618 5062.428067074036 74
1683124279618 5013.101579305607 75
1683124279618 4964.96282853777 76
1683124279618 4916.956441480373 77
1683124279618 4869.422418790113 78
1683124279618 4822.514245154897 79
1683124279618 4776.201628836791 80
1683124279618 4730.268965616284 81
1683124279618 4684.798205229702 82
1683124279618 4639.556595755051 83
1683124279618 4595.032206503537 84
1683124279618 4550.361824646958 85
1683124279618 4506.762758899451 86
1683124279618 4463.362141525743 87
1683124279618 4420.935383948851 88
1683124279618 4378.303161374462 89
1683124279618 4336.245465462713 90
1683124279618 4294.795518152284 91
1683124279618 4253.291067951451 92
1683124279618 4212.489880362546 93
1683124279618 4172.119445658342 94
1683124279618 4131.932051033827 95
1683124279618 4092.260421695383 96
1683124279618 4053.102307799358 97
1683124279618 4014.164690654774 98
1683124279618 3975.8324796517986 99
1683124279618 3937.936791213161 100
1683124279618 3900.131532173803 101
1683124279618 3863.318675027974 102
1683124279618 3826.5981664741107 103
1683124279618 3789.9801965826377 104
1683124279618 3754.186121483923 105
1683124279618 3718.4502363788874 106
1683124279618 3682.7227928973816 107
1683124279618 3647.7321952816537 108
1683124279618 3612.980950960721 109
1683124279618 3578.519081980244 110
1683124279618 3544.731054092668 111
1683124279618 3511.2146090410906 112
1683124279618 3477.931539442709 113
1683124279618 3445.4664388475107 114
1683124279618 3412.9503702981633 115
1683124279618 3380.7185278814472 116
1683124279618 3348.6238688968274 117
1683124279618 3317.1192531105416 118
1683124279618 3285.918038052746 119
1683124279618 3255.3125257310603 120
1683124279618 3224.8272649800288 121
1683124279618 3194.4666981480405 122
1683124279618 3164.617267280534 123
1683124279618 3134.8360473938646 124
1683124279618 3105.1344164102047 125
1683124279618 3076.378018714165 126
1683124279618 3047.508309483199 127
1683124279618 3018.9504090408195 128
1683124279618 2990.807758553759 129
1683124279618 2962.8334271318527 130
1683124279618 2935.3741120365153 131
1683124279618 2908.179273798461 132
1683124279618 2881.183010011469 133
1683124279618 2854.473430001932 134
1683124279618 2827.9255991690193 135
1683124279618 2801.912517625156 136
1683124279618 2776.143278776483 137
1683124279618 2750.1051208633153 138
1683124279618 2724.972303314784 139
1683124279618 2699.694941195473 140
1683124279618 2675.1044585577665 141
1683124279618 2650.478511456496 142
1683124279618 2626.293326009187 143
1683124279618 2601.9548657113005 144
1683124279618 2578.4566903792875 145
1683124279618 2554.9044928817307 146
1683124279618 2531.5368531852696 147
1683124279618 2509.003456132391 148
1683124279618 2486.0125263647237 149
1683124279618 2463.4288995013776 150
1683124279621 2441.270005006989 151
1683124279621 2418.7053524705193 152
1683124279621 2396.8831741158056 153
1683124279621 2375.0969872073483 154
1683124279621 2353.6517003414538 155
1683124279621 2332.6285004828433 156
1683124279621 2311.7843111941975 157
1683124279621 2291.1206986141638 158
1683124279621 2270.4187021916377 159
1683124279621 2249.8346697811658 160
1683124279621 2229.7814137862756 161
1683124279621 2209.755176862402 162
1683124279621 2190.1959409722817 163
1683124279621 2171.018263398257 164
1683124279621 2151.6972257652365 165
1683124279621 2132.8039003829085 166
1683124279621 2113.8515794893747 167
1683124279621 2095.4408734510234 168
1683124279621 2077.020768781273 169
1683124279621 2058.823288785654 170
1683124279621 2040.9706290887948 171
1683124279621 2023.1115717627683 172
1683124279621 2005.4551068794538 173
1683124279621 1988.0134483892368 174
1683124279621 1970.7813403041011 175
1683124279621 1953.5633130394174 176
1683124279621 1936.7717596305242 177
1683124279621 1920.0623319271467 178
1683124279621 1903.7942624541952 179
1683124279621 1887.6729738075164 180
1683124279621 1871.7444040475737 181
1683124279621 1855.8451709345363 182
1683124279621 1840.0801050413656 183
1683124279621 1824.427128145651 184
1683124279621 1809.004626798579 185
1683124279621 1793.3109331239693 186
1683124279621 1778.178058359254 187
1683124279621 1763.0525125224137 188
1683124279621 1747.9968957395856 189
1683124279621 1733.3638030863692 190
1683124279621 1718.9772593893626 191
1683124279621 1704.4123363418798 192
1683124279621 1690.4461502687918 193
1683124279621 1676.6368558446454 194
1683124279621 1662.9364191651255 195
1683124279621 1649.2167860047512 196
1683124279621 1635.8027786037796 197
1683124279621 1622.604931000318 198
1683124279621 1609.3422078605408 199
1683124279621 1596.19521922921 200
1683124279621 1583.3510721144721 201
1683124279621 1570.4024146753607 202
1683124279621 1558.040786106231 203
1683124279621 1545.7668633499927 204
1683124279621 1533.3899323818596 205
1683124279621 1521.5268032452384 206
1683124279621 1509.4939080699783 207
1683124279621 1497.3436152214783 208
1683124279621 1485.7129273513278 209
1683124279621 1474.0279534169833 210
1683124279621 1462.6748300613797 211
1683124279621 1451.3348195198175 212
1683124279621 1439.8855309749126 213
1683124279621 1428.798511792186 214
1683124279621 1417.955180453241 215
1683124279621 1407.2056935937485 216
1683124279621 1396.347221413871 217
1683124279621 1385.9135292777562 218
1683124279621 1375.308396928664 219
1683124279621 1364.5605287528977 220
1683124279621 1354.4858965676392 221
1683124279621 1344.2308780442531 222
1683124279621 1334.3381627131052 223
1683124279621 1323.9871622805151 224
1683124279621 1314.1679680196432 225
1683124279621 1304.6675530383004 226
1683124279621 1294.8782855705492 227
1683124279621 1285.4312867482777 228
1683124279621 1276.1830323131298 229
1683124279621 1266.8507179940198 230
1683124279621 1257.8828035893264 231
1683124279621 1248.6630145399583 232
1683124279621 1239.766459764835 233
1683124279621 1231.2916607817758 234
1683124279621 1222.7266594500115 235
1683124279621 1214.342538953844 236
1683124279621 1206.0656817810348 237
1683124279621 1197.753876935168 238
1683124279621 1189.803362366977 239
1683124279621 1181.3261300868526 240
1683124279621 1173.0230635854018 241
1683124279621 1164.922327657699 242
1683124279621 1156.568825812291 243
1683124279621 1148.8442878361072 244
1683124279621 1140.7996259262482 245
1683124279621 1133.3733667685444 246
1683124279621 1126.032285752916 247
1683124279621 1118.286238496105 248
1683124279621 1110.6638378975122 249
1683124279621 1103.4633177471383 250
1683124279621 1096.6955296347826 251
1683124279621 1089.7750901569855 252
1683124279621 1082.7989843416974 253
1683124279621 1075.5976895386602 254
1683124279621 1068.6760424863057 255
1683124279621 1061.9317705110957 256
1683124279621 1055.4119111000268 257
1683124279621 1048.3794381644195 258
1683124279621 1041.5768518405764 259
1683124279621 1035.4670276811883 260
1683124279621 1028.9641635772487 261
1683124279621 1022.3608351036196 262
1683124279621 1016.1720456918183 263
1683124279621 1009.8860800795544 264
1683124279621 1004.1408295447274 265
1683124279621 998.2814650696301 266
1683124279621 992.2788337146504 267
1683124279621 986.1778527730057 268
1683124279621 980.2091983282481 269
1683124279621 974.4055062030351 270
1683124279621 968.6845857264046 271
1683124279621 963.256510473164 272
1683124279621 957.6343957230238 273
1683124279621 952.4021163262029 274
1683124279621 946.8707448951325 275
1683124279621 941.7854979776417 276
1683124279621 936.5494902514547 277
1683124279621 931.6956808586091 278
1683124279621 926.8765823038682 279
1683124279621 921.9438092120604 280
1683124279621 917.2123991172382 281
1683124279621 912.2020850519274 282
1683124279621 907.4221746240105 283
1683124279621 902.8036924726954 284
1683124279621 898.1690776037887 285
1683124279621 893.6725278491663 286
1683124279621 889.3087281167267 287
1683124279621 884.9065884040308 288
1683124279621 880.6507212014242 289
1683124279621 876.1096686349275 290
1683124279621 871.9486180423262 291
1683124279621 867.8792837566475 292
1683124279621 863.6949719019472 293
1683124279621 859.6642307618025 294
1683124279621 855.2476813630891 295
1683124279621 851.2994416671978 296
1683124279621 846.9855978032626 297
1683124279621 843.0447679110264 298
1683124279621 839.2844139797496 299
1683124279621 835.0678655163969 300
1683124279621 831.3780681686324 301
1683124279621 827.6676171075424 302
1683124279621 824.0151351421526 303
1683124279621 820.6426242466347 304
1683124279621 817.208437308198 305
1683124279621 813.3352668030955 306
1683124279621 810.07250598468 307
1683124279621 806.7905410311844 308
1683124279621 803.6078635130849 309
1683124279621 799.9874843800642 310
1683124279621 796.9562760037904 311
1683124279621 794.0999911370708 312
1683124279621 790.7354559331515 313
1683124279621 787.6340286051801 314
1683124279621 784.6471599802815 315
1683124279621 781.4173161087667 316
1683124279621 778.4815073243797 317
1683124279621 775.7758622416538 318
1683124279621 773.0888224043971 319
1683124279621 770.3732496247096 320
1683124279621 767.4118582833576 321
1683124279621 764.7787651043469 322
1683124279621 762.1039188889769 323
1683124279621 759.6097764855004 324
1683124279621 757.1626242778148 325
1683124279621 754.6509071483791 326
1683124279621 752.204028008399 327
1683124279621 749.765274223715 328
1683124279621 747.300386552001 329
1683124279621 744.8555356481903 330
1683124279621 742.1841809581499 331
1683124279621 739.8139183679369 332
1683124279621 737.2902141613682 333
1683124279621 735.0281820289459 334
1683124279621 732.7025469817343 335
1683124279621 730.4188071022403 336
1683124279621 728.1426915983096 337
1683124279621 725.683321387332 338
1683124279621 723.2341354571519 339
1683124279621 721.2002677846648 340
1683124279621 719.2767834401766 341
1683124279621 716.7458448882619 342
1683124279621 714.9216437549478 343
1683124279621 713.0298719093636 344
1683124279621 710.9986596858106 345
1683124279621 709.0019924288205 346
1683124279621 707.0684367213865 347
1683124279621 705.3154800398593 348
1683124279621 703.2658484752875 349
1683124279621 701.4404263605229 350
1683124279621 699.5541180445094 351
1683124279621 697.669170620575 352
1683124279621 695.6636042524767 353
1683124279621 693.9189016660407 354
1683124279621 691.9548595129612 355
1683124279621 689.961531680092 356
1683124279621 688.3746539246869 357
1683124279621 686.9320027070057 358
1683124279621 685.5440081334963 359
1683124279621 684.0989726287632 360
1683124279621 682.1824889195334 361
1683124279621 680.6362302275294 362
1683124279621 679.184204537572 363
1683124279621 677.3873580493345 364
1683124279621 675.4809475934599 365
1683124279621 673.6965467205516 366
1683124279621 672.3334199290092 367
1683124279621 670.9409010762856 368
1683124279621 669.571859356922 369
1683124279621 668.3388268331455 370
1683124279621 666.8144237277123 371
1683124279621 665.5572443793596 372
1683124279621 664.417580902061 373
1683124279621 663.102847368261 374
1683124279621 661.4621340503371 375
1683124279621 660.2303556073324 376
1683124279621 658.6770360375709 377
1683124279621 657.4226647247392 378
1683124279621 656.0167974780776 379
1683124279621 654.5731677651406 380
1683124279621 653.1465628007908 381
1683124279621 651.8949957886451 382
1683124279621 650.4724629754005 383
1683124279621 649.0184459331439 384
1683124279621 647.5447975927276 385
1683124279621 646.2881298768516 386
1683124279621 645.1459056676784 387
1683124279621 644.144625582751 388
1683124279621 643.1118475660477 389
1683124279621 642.1455766882967 390
1683124279621 641.0907425615367 391
1683124279621 640.0067728971962 392
1683124279621 638.8808062653511 393
1683124279621 637.4494804401073 394
1683124279621 636.2284718466756 395
1683124279621 634.9422895497482 396
1683124279621 633.93114492059 397
1683124279621 633.0355502482521 398
1683124279621 632.087999870123 399
1683124279621 630.930112703944 400
1683124279621 629.6020065700646 401
1683124279621 628.2703740168149 402
1683124279621 627.2234607657268 403
1683124279621 626.3308368446161 404
1683124279621 625.4457876162486 405
1683124279621 624.7581248594787 406
1683124279621 623.7749727142362 407
1683124279621 622.9716099445018 408
1683124279621 622.0124216743934 409
1683124279621 620.9584824408411 410
1683124279621 620.1659262061572 411
1683124279621 619.3674010506807 412
1683124279621 618.6839454391927 413
1683124279621 617.9691298597504 414
1683124279621 617.2895742004467 415
1683124279621 616.1546080721541 416
1683124279621 615.1841250169382 417
1683124279621 614.1957719850342 418
1683124279621 613.0536472504939 419
1683124279621 612.1133476853745 420
1683124279621 610.9556486945783 421
1683124279621 609.9975245210123 422
1683124279621 609.2165139924346 423
1683124279621 608.6391670683159 424
1683124279621 607.9476741534592 425
1683124279621 606.9262396426484 426
1683124279621 606.2385374005775 427
1683124279621 605.5303599195936 428
1683124279621 604.9433306427627 429
1683124279621 604.3177606520055 430
1683124279621 603.9028384569141 431
1683124279621 603.1470856445636 432
1683124279621 602.6480038013676 433
1683124279621 602.1180256615544 434
1683124279621 601.4775915985806 435
1683124279621 600.6691135250095 436
1683124279621 600.1435158602019 437
1683124279621 599.335467200662 438
1683124279621 598.4839038121548 439
1683124279621 597.9992293915382 440
1683124279621 597.295279030946 441
1683124279621 596.8609952857611 442
1683124279621 596.029246135951 443
1683124279621 594.9799903104284 444
1683124279621 594.4625483818022 445
1683124279621 594.0541930345097 446
1683124279621 593.5126332763793 447
1683124279621 593.0103567346149 448
1683124279621 592.5201167965614 449
1683124279621 592.1230841071757 450
1683124279621 591.3439937799019 451
1683124279621 590.6425313573278 452
1683124279621 589.9192218004645 453
1683124279621 589.4244857977951 454
1683124279621 588.6709464481218 455
1683124279621 588.1612788533198 456
1683124279621 587.6297381110903 457
1683124279621 587.1479973421701 458
1683124279621 586.6158780728159 459
1683124279621 586.3386027898252 460
1683124279621 586.0071705417014 461
1683124279621 585.6519804613135 462
1683124279621 585.0656865568807 463
1683124279621 584.6441925095337 464
1683124279621 583.9347926925798 465
1683124279621 583.5498349952363 466
1683124279621 582.7541199554063 467
1683124279621 582.3785223984986 468
1683124279621 581.5757652556532 469
1683124279621 581.0054209593367 470
1683124279621 580.6317810218662 471
1683124279621 580.1139615186751 472
1683124279621 579.6800222176392 473
1683124279621 579.3161594117726 474
1683124279621 578.4658552625986 475
1683124279621 578.0738753386902 476
1683124279621 577.4022524492376 477
1683124279621 577.121672878563 478
1683124279621 576.6553756186515 479
1683124279621 576.2136444862973 480
1683124279621 575.6281088731964 481
1683124279621 574.7712373766703 482
1683124279621 574.3535825340074 483
1683124279621 573.8356070520673 484
1683124279621 573.4935207281834 485
1683124279621 573.1426346397499 486
1683124279621 572.7298119784052 487
1683124279621 572.3265883895456 488
1683124279621 571.9831541165925 489
1683124279621 571.5192182625624 490
1683124279621 570.9774768666001 491
1683124279621 570.6700602803479 492
1683124279621 570.0382552787755 493
1683124279621 569.6486105744336 494
1683124279621 569.2710342898736 495
1683124279621 568.8840703388738 496
1683124279621 568.3072985630533 497
1683124279621 568.0616243187995 498
1683124279621 567.4586543999812 499
1683124279621 566.9584445124333 500
1683124279621 566.7106475784519 501
1683124279621 566.1839169030243 502
1683124279621 565.6822441986869 503
1683124279621 565.3737176921395 504
1683124279621 564.9271209230327 505
1683124279621 564.4722975407107 506
1683124279621 564.0645107618001 507
1683124279621 563.5410022342137 508
1683124279621 563.2305227464547 509
1683124279621 562.806024182599 510
1683124279621 562.4765081841191 511
1683124279621 562.0570573516321 512
1683124279621 561.6602406571735 513
1683124279621 561.5531671019339 514
1683124279621 560.908962193259 515
1683124279621 560.6169472031315 516
1683124279621 560.4014757076221 517
1683124279621 559.901552510951 518
1683124279621 559.5677109014757 519
1683124279621 559.215894426366 520
1683124279621 558.843076598926 521
1683124279621 558.5446133339894 522
1683124279621 558.3329815067417 523
1683124279621 558.0844491195678 524
1683124279621 557.6354401926202 525
1683124279621 557.3624824152705 526
1683124279621 557.1983514249979 527
1683124279621 556.8533491528074 528
1683124279621 556.522219020123 529
1683124279621 556.1536152493366 530
1683124279621 555.6757388330811 531
1683124279621 555.516215560856 532
1683124279621 555.2422649821069 533
1683124279621 554.9693918752084 534
1683124279621 554.4674265119983 535
1683124279621 553.9634564001475 536
1683124279621 553.5760595582278 537
1683124279621 553.0983510324313 538
1683124279621 552.7551347847824 539
1683124279621 552.4363993244673 540
1683124279621 552.1770678145461 541
1683124279621 551.6773777652706 542
1683124279621 551.481184669429 543
1683124279621 551.1900494157842 544
1683124279621 550.8792157582918 545
1683124279621 550.6656789220584 546
1683124279621 550.3007318263251 547
1683124279621 549.9353261990127 548
1683124279621 549.5013742062913 549
1683124279621 549.2098164157264 550
1683124279621 548.7412171110159 551
1683124279621 548.5653427426038 552
1683124279621 548.3684488357032 553
1683124279621 548.1868341929633 554
1683124279621 547.6952303375133 555
1683124279621 547.5193522331097 556
1683124279621 547.292066850524 557
1683124279621 547.1307892521995 558
1683124279621 546.5899823430237 559
1683124279621 546.2437512533111 560
1683124279621 545.9443968256883 561
1683124279621 545.7755602025793 562
1683124279621 545.3845311082559 563
1683124279621 545.1802336922126 564
1683124279621 544.796777536404 565
1683124279621 544.3545285463623 566
1683124279621 543.9144023336057 567
1683124279621 543.4255197820709 568
1683124279621 543.1137211472756 569
1683124279621 542.9419308905473 570
1683124279621 542.7507297126459 571
1683124279621 542.5249895364445 572
1683124279621 542.3997881144923 573
1683124279621 542.1670399090208 574
1683124279621 542.0279760974178 575
1683124279621 541.61050262736 576
1683124279621 541.3755285061584 577
1683124279621 540.9042618639583 578
1683124279621 540.6957723373072 579
1683124279621 540.4967075622326 580
1683124279621 540.120672241259 581
1683124279621 539.9828643813073 582
1683124279621 539.8003192206137 583
1683124279621 539.4610563203655 584
1683124279621 539.1272154872422 585
1683124279621 538.9073115642362 586
1683124279621 538.5154034038276 587
1683124279621 538.303609409086 588
1683124279621 538.030645855986 589
1683124279621 537.6079237846415 590
1683124279621 537.4362736978696 591
1683124279621 537.1055145781343 592
1683124279621 536.9666972815502 593
1683124279621 536.5451147586745 594
1683124279621 536.2022940091399 595
1683124279621 536.0240191294366 596
1683124279621 535.9498201780652 597
1683124279621 535.7516315860153 598
1683124279621 535.4946849967918 599
1683124279621 535.2163309383228 600
1683124279621 534.8591084419214 601
1683124279621 534.4923674150918 602
1683124279621 534.2895264493993 603
1683124279621 533.9997773946764 604
1683124279621 533.8646301341935 605
1683124279621 533.5993809864672 606
1683124279621 533.48955784738 607
1683124279621 533.3841645629639 608
1683124279621 533.0504419093121 609
1683124279621 532.865316767026 610
1683124279621 532.6224131705121 611
1683124279621 532.4585684570031 612
1683124279621 532.233936389364 613
1683124279621 531.927546452872 614
1683124279621 531.4181329226162 615
1683124279621 531.2577835481859 616
1683124279621 530.952988579329 617
1683124279621 530.7740313633363 618
1683124279621 530.3596580159824 619
1683124279621 529.9994280965607 620
1683124279621 529.6743478194177 621
1683124279621 529.4907949971157 622
1683124279621 529.3663228854043 623
1683124279621 529.0863738347352 624
1683124279621 528.8138449401473 625
1683124279621 528.6137647464172 626
1683124279621 528.2056635158211 627
1683124279621 528.0734580391576 628
1683124279621 527.9302977393706 629
1683124279621 527.4104186543689 630
1683124279621 527.3023655283764 631
1683124279621 527.1440910931395 632
1683124279621 526.9443340184524 633
1683124279621 526.7676641891479 634
1683124279621 526.3349404389428 635
1683124279621 526.2339264525152 636
1683124279621 526.0883842988811 637
1683124279621 525.8514683485076 638
1683124279621 525.5347485357573 639
1683124279621 525.2597214617381 640
1683124279621 524.9747152616835 641
1683124279621 524.8107494830284 642
1683124279621 524.440175649893 643
1683124279621 524.2792425996888 644
1683124279621 524.0723999588186 645
1683124279621 523.9025837027625 646
1683124279621 523.5760477250345 647
1683124279621 523.2044290459123 648
1683124279621 523.0344053834713 649
1683124279621 522.8635900730297 650
1683124279621 522.7557865561865 651
1683124279621 522.3609642365061 652
1683124279621 522.1260588522861 653
1683124279621 522.0233310053127 654
1683124279621 521.8575262569171 655
1683124279621 521.7184733484919 656
1683124279621 521.5412057127236 657
1683124279621 521.0487766224497 658
1683124279621 520.8595305826246 659
1683124279621 520.6953207019851 660
1683124279621 520.2921855079006 661
1683124279621 520.0761581260525 662
1683124279621 519.9033940655906 663
1683124279621 519.8224542170515 664
1683124279621 519.4268028316279 665
1683124279621 519.2459905794477 666
1683124279621 518.9297176410696 667
1683124279621 518.5752659705674 668
1683124279621 518.4864256644225 669
1683124279621 518.3080198862775 670
1683124279621 518.028043425801 671
1683124279621 517.9335758780622 672
1683124279621 517.7742422434516 673
1683124279621 517.6073776927708 674
1683124279621 517.4163032085143 675
1683124279621 517.3126983234994 676
1683124279621 516.8855895477199 677
1683124279621 516.6926293306325 678
1683124279621 516.5126862968618 679
1683124279621 516.2854514069634 680
1683124279621 516.0201070503915 681
1683124279621 515.8317551658727 682
1683124279621 515.5970635905336 683
1683124279621 515.4560735369954 684
1683124279621 515.3607581365455 685
1683124279621 515.1306508636926 686
1683124279621 514.9077602900365 687
1683124279621 514.7178935960036 688
1683124279621 514.5202366046582 689
1683124279621 514.4318545245692 690
1683124279621 514.2285686750845 691
1683124279621 514.1418184011216 692
1683124279621 513.861432915873 693
1683124279621 513.6776794385828 694
1683124279621 513.4630638748309 695
1683124279621 513.3132988360361 696
1683124279621 513.2412373435935 697
1683124279621 513.2216570534058 698
1683124279621 513.1071936399231 699
1683124279621 512.8293224975713 700
1683124279621 512.6178648301794 701
1683124279621 512.1239984788276 702
1683124279621 511.80333092515826 703
1683124279621 511.7599771625675 704
1683124279621 511.44899551179276 705
1683124279621 511.3259224370216 706
1683124279621 511.2457985525467 707
1683124279621 510.9940656643981 708
1683124279621 510.9342842925755 709
1683124279621 510.6891733490155 710
1683124279621 510.4625784511536 711
1683124279621 510.1671571637743 712
1683124279621 509.8086468677708 713
1683124279621 509.7224583267122 714
1683124279621 509.46358209375165 715
1683124279621 509.13208349681224 716
1683124279621 508.8315247742395 717
1683124279621 508.5151566326116 718
1683124279621 508.2195200092994 719
